gracz1 x 1 gracz2 3 3 1 2 3 5 4 7 6 9 8
gracz1 x 1 gracz2 4 3 1 2 3 4 5 6 7 8 10 9 12 11 14 13 16 15
gracz1 x 1 gracz2 5 3 1 2 3 4 5 6 7 8 9 10 12 11 14 13 16 15 18 17 20 19 21 22 23 24 25
gracz1 x 1 gracz2 6 3 1 2 3 4 5 6 7 8 9 10 11 12 14 13 16 15 18 17 20 19 22 21 24 23 25 26 27 28 29 30 31 32 33 34 35 36
gracz1 x 1 gracz2 7 3 1 2 3 4 5 6 7 9 8 11 10 13 12 15 14 17 16 19 18 21 20 22 23 24 25 26 27 28 29 30 31 32 33 34 35 37 36 39 38 41 40 43 42 45 44 47 46 49 48
gracz1 x 1 gracz2 8 3 1 2 3 4 5 6 7 8 9 10 11 12 13 14 15 16 18 17 20 19 22 21 24 23 26 25 28 27 30 29 32 31 33 34 35 36 37 38 39 40 41 42 43 44 45 46 47 48 50 49 52 51 54 53 56 55 58 57 60 59 62 61 64 63
gracz1 x 1 gracz2 9 3 1 2 3 4 5 6 7 8 9 10 11 12 13 14 15 16 17 18 20 19 22 21 24 23 26 25 28 27 30 29 32 31 34 33 36 35 37 38 39 40 41 42 43 44 45 46 47 48 49 50 51 52 53 54 56 55 58 57 60 59 62 61 64 63 66 65 68 67 70 69 72 71 73 74 75 76 77 78 79 80 81
gracz1 x 1 gracz2 10 3 1 2 3 4 5 6 7 8 9 10 11 12 13 14 15 16 17 18 19 20 22 21 24 23 26 25 28 27 30 29 32 31 34 33 36 35 38 37 40 39 41 42 43 44 45 46 47 48 49 50 51 52 53 54 55 56 57 58 59 60 62 61 64 63 66 65 68 67 70 69 72 71 74 73 76 75 78 77 80 79 81 82 83 84 85 86 87 88 89 90 91 92 93 94 95 96 97 98 99 100
gracz1 x 1 gracz2 11 3 1 2 3 4 5 6 7 8 9 10 11 13 12 15 14 17 16 19 18 21 20 23 22 25 24 27 26 29 28 31 30 33 32 34 35 36 37 38 39 40 41 42 43 44 45 46 47 48 49 50 51 52 53 54 55 57 56 59 58 61 60 63 62 65 64 67 66 69 68 71 70 73 72 75 74 77 76 78 79 80 81 82 83 84 85 86 87 88 89 90 91 92 93 94 95 96 97 98 99 101 100 103 102 105 104 107 106 109 108 111 110 113 112 115 114 117 116 119 118 121 120
gracz1 x 1 gracz2 12 3 1 2 3 4 5 6 7 8 9 10 11 12 13 14 15 16 17 18 19 20 21 22 23 24 26 25 28 27 30 29 32 31 34 33 36 35 38 37 40 39 42 41 44 43 46 45 48 47 49 50 51 52 53 54 55 56 57 58 59 60 61 62 63 64 65 66 67 68 69 70 71 72 74 73 76 75 78 77 80 79 82 81 84 83 86 85 88 87 90 89 92 91 94 93 96 95 97 98 99 100 101 102 103 104 105 106 107 108 109 110 111 112 113 114 115 116 117 118 119 120 122 121 124 123 126 125 128 127 130 129 132 131 134 133 136 135 138 137 140 139 142 141 144 143
gracz1 x 1 gracz2 13 3 1 2 3 4 5 6 7 8 9 10 11 12 13 14 15 16 17 18 19 20 21 22 23 24 25 26 28 27 30 29 32 31 34 33 36 35 38 37 40 39 42 41 44 43 46 45 48 47 50 49 52 51 53 54 55 56 57 58 59 60 61 62 63 64 65 66 67 68 69 70 71 72 73 74 75 76 77 78 80 79 82 81 84 83 86 85 88 87 90 89 92 91 94 93 96 95 98 97 100 99 102 101 104 103 105 106 107 108 109 110 111 112 113 114 115 116 117 118 119 120 121 122 123 124 125 126 127 128 129 130 132 131 134 133 136 135 138 137 140 139 142 141 144 143 146 145 148 147 150 149 152 151 154 153 156 155 157 158 159 160 161 162 163 164 165 166 167 168 169
gracz1 x 1 gracz2 14 3 1 2 3 4 5 6 7 8 9 10 11 12 13 14 15 16 17 18 19 20 21 22 23 24 25 26 27 28 30 29 32 31 34 33 36 35 38 37 40 39 42 41 44 43 46 45 48 47 50 49 52 51 54 53 56 55 57 58 59 60 61 62 63 64 65 66 67 68 69 70 71 72 73 74 75 76 77 78 79 80 81 82 83 84 86 85 88 87 90 89 92 91 94 93 96 95 98 97 100 99 102 101 104 103 106 105 108 107 110 109 112 111 113 114 115 116 117 118 119 120 121 122 123 124 125 126 127 128 129 130 131 132 133 134 135 136 137 138 139 140 142 141 144 143 146 145 148 147 150 149 152 151 154 153 156 155 158 157 160 159 162 161 164 163 166 165 168 167 169 170 171 172 173 174 175 176 177 178 179 180 181 182 183 184 185 186 187 188 189 190 191 192 193 194 195 196
gracz1 x 1 gracz2 15 3 1 2 3 4 5 6 7 8 9 10 11 12 13 14 15 17 16 19 18 21 20 23 22 25 24 27 26 29 28 31 30 33 32 35 34 37 36 39 38 41 40 43 42 45 44 46 47 48 49 50 51 52 53 54 55 56 57 58 59 60 61 62 63 64 65 66 67 68 69 70 71 72 73 74 75 77 76 79 78 81 80 83 82 85 84 87 86 89 88 91 90 93 92 95 94 97 96 99 98 101 100 103 102 105 104 106 107 108 109 110 111 112 113 114 115 116 117 118 119 120 121 122 123 124 125 126 127 128 129 130 131 132 133 134 135 137 136 139 138 141 140 143 142 145 144 147 146 149 148 151 150 153 152 155 154 157 156 159 158 161 160 163 162 165 164 166 167 168 169 170 171 172 173 174 175 176 177 178 179 180 181 182 183 184 185 186 187 188 189 190 191 192 193 194 195 197 196 199 198 201 200 203 202 205 204 207 206 209 208 211 210 213 212 215 214 217 216 219 218 221 220 223 222 225 224
gracz1 x 1 gracz2 16 3 1 2 3 4 5 6 7 8 9 10 11 12 13 14 15 16 17 18 19 20 21 22 23 24 25 26 27 28 29 30 31 32 34 33 36 35 38 37 40 39 42 41 44 43 46 45 48 47 50 49 52 51 54 53 56 55 58 57 60 59 62 61 64 63 65 66 67 68 69 70 71 72 73 74 75 76 77 78 79 80 81 82 83 84 85 86 87 88 89 90 91 92 93 94 95 96 98 97 100 99 102 101 104 103 106 105 108 107 110 109 112 111 114 113 116 115 118 117 120 119 122 121 124 123 126 125 128 127 129 130 131 132 133 134 135 136 137 138 139 140 141 142 143 144 145 146 147 148 149 150 151 152 153 154 155 156 157 158 159 160 162 161 164 163 166 165 168 167 170 169 172 171 174 173 176 175 178 177 180 179 182 181 184 183 186 185 188 187 190 189 192 191 193 194 195 196 197 198 199 200 201 202 203 204 205 206 207 208 209 210 211 212 213 214 215 216 217 218 219 220 221 222 223 224 226 225 228 227 230 229 232 231 234 233 236 235 238 237 240 239 242 241 244 243 246 245 248 247 250 249 252 251 254 253 256 255
gracz1 x 1 gracz2 17 3 1 2 3 4 5 6 7 8 9 10 11 12 13 14 15 16 17 18 19 20 21 22 23 24 25 26 27 28 29 30 31 32 33 34 36 35 38 37 40 39 42 41 44 43 46 45 48 47 50 49 52 51 54 53 56 55 58 57 60 59 62 61 64 63 66 65 68 67 69 70 71 72 73 74 75 76 77 78 79 80 81 82 83 84 85 86 87 88 89 90 91 92 93 94 95 96 97 98 99 100 101 102 104 103 106 105 108 107 110 109 112 111 114 113 116 115 118 117 120 119 122 121 124 123 126 125 128 127 130 129 132 131 134 133 136 135 137 138 139 140 141 142 143 144 145 146 147 148 149 150 151 152 153 154 155 156 157 158 159 160 161 162 163 164 165 166 167 168 169 170 172 171 174 173 176 175 178 177 180 179 182 181 184 183 186 185 188 187 190 189 192 191 194 193 196 195 198 197 200 199 202 201 204 203 205 206 207 208 209 210 211 212 213 214 215 216 217 218 219 220 221 222 223 224 225 226 227 228 229 230 231 232 233 234 235 236 237 238 240 239 242 241 244 243 246 245 248 247 250 249 252 251 254 253 256 255 258 257 260 259 262 261 264 263 266 265 268 267 270 269 272 271 273 274 275 276 277 278 279 280 281 282 283 284 285 286 287 288 289
gracz1 x 1 gracz2 18 3 1 2 3 4 5 6 7 8 9 10 11 12 13 14 15 16 17 18 19 20 21 22 23 24 25 26 27 28 29 30 31 32 33 34 35 36 38 37 40 39 42 41 44 43 46 45 48 47 50 49 52 51 54 53 56 55 58 57 60 59 62 61 64 63 66 65 68 67 70 69 72 71 73 74 75 76 77 78 79 80 81 82 83 84 85 86 87 88 89 90 91 92 93 94 95 96 97 98 99 100 101 102 103 104 105 106 107 108 110 109 112 111 114 113 116 115 118 117 120 119 122 121 124 123 126 125 128 127 130 129 132 131 134 133 136 135 138 137 140 139 142 141 144 143 145 146 147 148 149 150 151 152 153 154 155 156 157 158 159 160 161 162 163 164 165 166 167 168 169 170 171 172 173 174 175 176 177 178 179 180 182 181 184 183 186 185 188 187 190 189 192 191 194 193 196 195 198 197 200 199 202 201 204 203 206 205 208 207 210 209 212 211 214 213 216 215 217 218 219 220 221 222 223 224 225 226 227 228 229 230 231 232 233 234 235 236 237 238 239 240 241 242 243 244 245 246 247 248 249 250 251 252 254 253 256 255 258 257 260 259 262 261 264 263 266 265 268 267 270 269 272 271 274 273 276 275 278 277 280 279 282 281 284 283 286 285 288 287 289 290 291 292 293 294 295 296 297 298 299 300 301 302 303 304 305 306 307 308 309 310 311 312 313 314 315 316 317 318 319 320 321 322 323 324
gracz1 x 1 gracz2 19 3 1 2 3 4 5 6 7 8 9 10 11 12 13 14 15 16 17 18 19 21 20 23 22 25 24 27 26 29 28 31 30 33 32 35 34 37 36 39 38 41 40 43 42 45 44 47 46 49 48 51 50 53 52 55 54 57 56 58 59 60 61 62 63 64 65 66 67 68 69 70 71 72 73 74 75 76 77 78 79 80 81 82 83 84 85 86 87 88 89 90 91 92 93 94 95 97 96 99 98 101 100 103 102 105 104 107 106 109 108 111 110 113 112 115 114 117 116 119 118 121 120 123 122 125 124 127 126 129 128 131 130 133 132 134 135 136 137 138 139 140 141 142 143 144 145 146 147 148 149 150 151 152 153 154 155 156 157 158 159 160 161 162 163 164 165 166 167 168 169 170 171 173 172 175 174 177 176 179 178 181 180 183 182 185 184 187 186 189 188 191 190 193 192 195 194 197 196 199 198 201 200 203 202 205 204 207 206 209 208 210 211 212 213 214 215 216 217 218 219 220 221 222 223 224 225 226 227 228 229 230 231 232 233 234 235 236 237 238 239 240 241 242 243 244 245 246 247 249 248 251 250 253 252 255 254 257 256 259 258 261 260 263 262 265 264 267 266 269 268 271 270 273 272 275 274 277 276 279 278 281 280 283 282 285 284 286 287 288 289 290 291 292 293 294 295 296 297 298 299 300 301 302 303 304 305 306 307 308 309 310 311 312 313 314 315 316 317 318 319 320 321 322 323 325 324 327 326 329 328 331 330 333 332 335 334 337 336 339 338 341 340 343 342 345 344 347 346 349 348 351 350 353 352 355 354 357 356 359 358 361 360
gracz1 x 1 gracz2 20 3 1 2 3 4 5 6 7 8 9 10 11 12 13 14 15 16 17 18 19 20 21 22 23 24 25 26 27 28 29 30 31 32 33 34 35 36 37 38 39 40 42 41 44 43 46 45 48 47 50 49 52 51 54 53 56 55 58 57 60 59 62 61 64 63 66 65 68 67 70 69 72 71 74 73 76 75 78 77 80 79 81 82 83 84 85 86 87 88 89 90 91 92 93 94 95 96 97 98 99 100 101 102 103 104 105 106 107 108 109 110 111 112 113 114 115 116 117 118 119 120 122 121 124 123 126 125 128 127 130 129 132 131 134 133 136 135 138 137 140 139 142 141 144 143 146 145 148 147 150 149 152 151 154 153 156 155 158 157 160 159 161 162 163 164 165 166 167 168 169 170 171 172 173 174 175 176 177 178 179 180 181 182 183 184 185 186 187 188 189 190 191 192 193 194 195 196 197 198 199 200 202 201 204 203 206 205 208 207 210 209 212 211 214 213 216 215 218 217 220 219 222 221 224 223 226 225 228 227 230 229 232 231 234 233 236 235 238 237 240 239 241 242 243 244 245 246 247 248 249 250 251 252 253 254 255 256 257 258 259 260 261 262 263 264 265 266 267 268 269 270 271 272 273 274 275 276 277 278 279 280 282 281 284 283 286 285 288 287 290 289 292 291 294 293 296 295 298 297 300 299 302 301 304 303 306 305 308 307 310 309 312 311 314 313 316 315 318 317 320 319 321 322 323 324 325 326 327 328 329 330 331 332 333 334 335 336 337 338 339 340 341 342 343 344 345 346 347 348 349 350 351 352 353 354 355 356 357 358 359 360 362 361 364 363 366 365 368 367 370 369 372 371 374 373 376 375 378 377 380 379 382 381 384 383 386 385 388 387 390 389 392 391 394 393 396 395 398 397 400 399
gracz1 x 1 gracz2 21 3 1 2 3 4 5 6 7 8 9 10 11 12 13 14 15 16 17 18 19 20 21 22 23 24 25 26 27 28 29 30 31 32 33 34 35 36 37 38 39 40 41 42 44 43 46 45 48 47 50 49 52 51 54 53 56 55 58 57 60 59 62 61 64 63 66 65 68 67 70 69 72 71 74 73 76 75 78 77 80 79 82 81 84 83 85 86 87 88 89 90 91 92 93 94 95 96 97 98 99 100 101 102 103 104 105 106 107 108 109 110 111 112 113 114 115 116 117 118 119 120 121 122 123 124 125 126 128 127 130 129 132 131 134 133 136 135 138 137 140 139 142 141 144 143 146 145 148 147 150 149 152 151 154 153 156 155 158 157 160 159 162 161 164 163 166 165 168 167 169 170 171 172 173 174 175 176 177 178 179 180 181 182 183 184 185 186 187 188 189 190 191 192 193 194 195 196 197 198 199 200 201 202 203 204 205 206 207 208 209 210 212 211 214 213 216 215 218 217 220 219 222 221 224 223 226 225 228 227 230 229 232 231 234 233 236 235 238 237 240 239 242 241 244 243 246 245 248 247 250 249 252 251 253 254 255 256 257 258 259 260 261 262 263 264 265 266 267 268 269 270 271 272 273 274 275 276 277 278 279 280 281 282 283 284 285 286 287 288 289 290 291 292 293 294 296 295 298 297 300 299 302 301 304 303 306 305 308 307 310 309 312 311 314 313 316 315 318 317 320 319 322 321 324 323 326 325 328 327 330 329 332 331 334 333 336 335 337 338 339 340 341 342 343 344 345 346 347 348 349 350 351 352 353 354 355 356 357 358 359 360 361 362 363 364 365 366 367 368 369 370 371 372 373 374 375 376 377 378 380 379 382 381 384 383 386 385 388 387 390 389 392 391 394 393 396 395 398 397 400 399 402 401 404 403 406 405 408 407 410 409 412 411 414 413 416 415 418 417 420 419 421 422 423 424 425 426 427 428 429 430 431 432 433 434 435 436 437 438 439 440 441
gracz1 x 1 gracz2 22 3 1 2 3 4 5 6 7 8 9 10 11 12 13 14 15 16 17 18 19 20 21 22 23 24 25 26 27 28 29 30 31 32 33 34 35 36 37 38 39 40 41 42 43 44 46 45 48 47 50 49 52 51 54 53 56 55 58 57 60 59 62 61 64 63 66 65 68 67 70 69 72 71 74 73 76 75 78 77 80 79 82 81 84 83 86 85 88 87 89 90 91 92 93 94 95 96 97 98 99 100 101 102 103 104 105 106 107 108 109 110 111 112 113 114 115 116 117 118 119 120 121 122 123 124 125 126 127 128 129 130 131 132 134 133 136 135 138 137 140 139 142 141 144 143 146 145 148 147 150 149 152 151 154 153 156 155 158 157 160 159 162 161 164 163 166 165 168 167 170 169 172 171 174 173 176 175 177 178 179 180 181 182 183 184 185 186 187 188 189 190 191 192 193 194 195 196 197 198 199 200 201 202 203 204 205 206 207 208 209 210 211 212 213 214 215 216 217 218 219 220 222 221 224 223 226 225 228 227 230 229 232 231 234 233 236 235 238 237 240 239 242 241 244 243 246 245 248 247 250 249 252 251 254 253 256 255 258 257 260 259 262 261 264 263 265 266 267 268 269 270 271 272 273 274 275 276 277 278 279 280 281 282 283 284 285 286 287 288 289 290 291 292 293 294 295 296 297 298 299 300 301 302 303 304 305 306 307 308 310 309 312 311 314 313 316 315 318 317 320 319 322 321 324 323 326 325 328 327 330 329 332 331 334 333 336 335 338 337 340 339 342 341 344 343 346 345 348 347 350 349 352 351 353 354 355 356 357 358 359 360 361 362 363 364 365 366 367 368 369 370 371 372 373 374 375 376 377 378 379 380 381 382 383 384 385 386 387 388 389 390 391 392 393 394 395 396 398 397 400 399 402 401 404 403 406 405 408 407 410 409 412 411 414 413 416 415 418 417 420 419 422 421 424 423 426 425 428 427 430 429 432 431 434 433 436 435 438 437 440 439 441 442 443 444 445 446 447 448 449 450 451 452 453 454 455 456 457 458 459 460 461 462 463 464 465 466 467 468 469 470 471 472 473 474 475 476 477 478 479 480 481 482 483 484
gracz1 x 1 gracz2 23 3 1 2 3 4 5 6 7 8 9 10 11 12 13 14 15 16 17 18 19 20 21 22 23 25 24 27 26 29 28 31 30 33 32 35 34 37 36 39 38 41 40 43 42 45 44 47 46 49 48 51 50 53 52 55 54 57 56 59 58 61 60 63 62 65 64 67 66 69 68 70 71 72 73 74 75 76 77 78 79 80 81 82 83 84 85 86 87 88 89 90 91 92 93 94 95 96 97 98 99 100 101 102 103 104 105 106 107 108 109 110 111 112 113 114 115 117 116 119 118 121 120 123 122 125 124 127 126 129 128 131 130 133 132 135 134 137 136 139 138 141 140 143 142 145 144 147 146 149 148 151 150 153 152 155 154 157 156 159 158 161 160 162 163 164 165 166 167 168 169 170 171 172 173 174 175 176 177 178 179 180 181 182 183 184 185 186 187 188 189 190 191 192 193 194 195 196 197 198 199 200 201 202 203 204 205 206 207 209 208 211 210 213 212 215 214 217 216 219 218 221 220 223 222 225 224 227 226 229 228 231 230 233 232 235 234 237 236 239 238 241 240 243 242 245 244 247 246 249 248 251 250 253 252 254 255 256 257 258 259 260 261 262 263 264 265 266 267 268 269 270 271 272 273 274 275 276 277 278 279 280 281 282 283 284 285 286 287 288 289 290 291 292 293 294 295 296 297 298 299 301 300 303 302 305 304 307 306 309 308 311 310 313 312 315 314 317 316 319 318 321 320 323 322 325 324 327 326 329 328 331 330 333 332 335 334 337 336 339 338 341 340 343 342 345 344 346 347 348 349 350 351 352 353 354 355 356 357 358 359 360 361 362 363 364 365 366 367 368 369 370 371 372 373 374 375 376 377 378 379 380 381 382 383 384 385 386 387 388 389 390 391 393 392 395 394 397 396 399 398 401 400 403 402 405 404 407 406 409 408 411 410 413 412 415 414 417 416 419 418 421 420 423 422 425 424 427 426 429 428 431 430 433 432 435 434 437 436 438 439 440 441 442 443 444 445 446 447 448 449 450 451 452 453 454 455 456 457 458 459 460 461 462 463 464 465 466 467 468 469 470 471 472 473 474 475 476 477 478 479 480 481 482 483 485 484 487 486 489 488 491 490 493 492 495 494 497 496 499 498 501 500 503 502 505 504 507 506 509 508 511 510 513 512 515 514 517 516 519 518 521 520 523 522 525 524 527 526 529 528
gracz1 x 1 gracz2 24 3 1 2 3 4 5 6 7 8 9 10 11 12 13 14 15 16 17 18 19 20 21 22 23 24 25 26 27 28 29 30 31 32 33 34 35 36 37 38 39 40 41 42 43 44 45 46 47 48 50 49 52 51 54 53 56 55 58 57 60 59 62 61 64 63 66 65 68 67 70 69 72 71 74 73 76 75 78 77 80 79 82 81 84 83 86 85 88 87 90 89 92 91 94 93 96 95 97 98 99 100 101 102 103 104 105 106 107 108 109 110 111 112 113 114 115 116 117 118 119 120 121 122 123 124 125 126 127 128 129 130 131 132 133 134 135 136 137 138 139 140 141 142 143 144 146 145 148 147 150 149 152 151 154 153 156 155 158 157 160 159 162 161 164 163 166 165 168 167 170 169 172 171 174 173 176 175 178 177 180 179 182 181 184 183 186 185 188 187 190 189 192 191 193 194 195 196 197 198 199 200 201 202 203 204 205 206 207 208 209 210 211 212 213 214 215 216 217 218 219 220 221 222 223 224 225 226 227 228 229 230 231 232 233 234 235 236 237 238 239 240 242 241 244 243 246 245 248 247 250 249 252 251 254 253 256 255 258 257 260 259 262 261 264 263 266 265 268 267 270 269 272 271 274 273 276 275 278 277 280 279 282 281 284 283 286 285 288 287 289 290 291 292 293 294 295 296 297 298 299 300 301 302 303 304 305 306 307 308 309 310 311 312 313 314 315 316 317 318 319 320 321 322 323 324 325 326 327 328 329 330 331 332 333 334 335 336 338 337 340 339 342 341 344 343 346 345 348 347 350 349 352 351 354 353 356 355 358 357 360 359 362 361 364 363 366 365 368 367 370 369 372 371 374 373 376 375 378 377 380 379 382 381 384 383 385 386 387 388 389 390 391 392 393 394 395 396 397 398 399 400 401 402 403 404 405 406 407 408 409 410 411 412 413 414 415 416 417 418 419 420 421 422 423 424 425 426 427 428 429 430 431 432 434 433 436 435 438 437 440 439 442 441 444 443 446 445 448 447 450 449 452 451 454 453 456 455 458 457 460 459 462 461 464 463 466 465 468 467 470 469 472 471 474 473 476 475 478 477 480 479 481 482 483 484 485 486 487 488 489 490 491 492 493 494 495 496 497 498 499 500 501 502 503 504 505 506 507 508 509 510 511 512 513 514 515 516 517 518 519 520 521 522 523 524 525 526 527 528 530 529 532 531 534 533 536 535 538 537 540 539 542 541 544 543 546 545 548 547 550 549 552 551 554 553 556 555 558 557 560 559 562 561 564 563 566 565 568 567 570 569 572 571 574 573 576 575
gracz1 x 1 gracz2 25 3 1 2 3 4 5 6 7 8 9 10 11 12 13 14 15 16 17 18 19 20 21 22 23 24 25 26 27 28 29 30 31 32 33 34 35 36 37 38 39 40 41 42 43 44 45 46 47 48 49 50 52 51 54 53 56 55 58 57 60 59 62 61 64 63 66 65 68 67 70 69 72 71 74 73 76 75 78 77 80 79 82 81 84 83 86 85 88 87 90 89 92 91 94 93 96 95 98 97 100 99 101 102 103 104 105 106 107 108 109 110 111 112 113 114 115 116 117 118 119 120 121 122 123 124 125 126 127 128 129 130 131 132 133 134 135 136 137 138 139 140 141 142 143 144 145 146 147 148 149 150 152 151 154 153 156 155 158 157 160 159 162 161 164 163 166 165 168 167 170 169 172 171 174 173 176 175 178 177 180 179 182 181 184 183 186 185 188 187 190 189 192 191 194 193 196 195 198 197 200 199 201 202 203 204 205 206 207 208 209 210 211 212 213 214 215 216 217 218 219 220 221 222 223 224 225 226 227 228 229 230 231 232 233 234 235 236 237 238 239 240 241 242 243 244 245 246 247 248 249 250 252 251 254 253 256 255 258 257 260 259 262 261 264 263 266 265 268 267 270 269 272 271 274 273 276 275 278 277 280 279 282 281 284 283 286 285 288 287 290 289 292 291 294 293 296 295 298 297 300 299 301 302 303 304 305 306 307 308 309 310 311 312 313 314 315 316 317 318 319 320 321 322 323 324 325 326 327 328 329 330 331 332 333 334 335 336 337 338 339 340 341 342 343 344 345 346 347 348 349 350 352 351 354 353 356 355 358 357 360 359 362 361 364 363 366 365 368 367 370 369 372 371 374 373 376 375 378 377 380 379 382 381 384 383 386 385 388 387 390 389 392 391 394 393 396 395 398 397 400 399 401 402 403 404 405 406 407 408 409 410 411 412 413 414 415 416 417 418 419 420 421 422 423 424 425 426 427 428 429 430 431 432 433 434 435 436 437 438 439 440 441 442 443 444 445 446 447 448 449 450 452 451 454 453 456 455 458 457 460 459 462 461 464 463 466 465 468 467 470 469 472 471 474 473 476 475 478 477 480 479 482 481 484 483 486 485 488 487 490 489 492 491 494 493 496 495 498 497 500 499 501 502 503 504 505 506 507 508 509 510 511 512 513 514 515 516 517 518 519 520 521 522 523 524 525 526 527 528 529 530 531 532 533 534 535 536 537 538 539 540 541 542 543 544 545 546 547 548 549 550 552 551 554 553 556 555 558 557 560 559 562 561 564 563 566 565 568 567 570 569 572 571 574 573 576 575 578 577 580 579 582 581 584 583 586 585 588 587 590 589 592 591 594 593 596 595 598 597 600 599 601 602 603 604 605 606 607 608 609 610 611 612 613 614 615 616 617 618 619 620 621 622 623 624 625
gracz1 x 1 gracz2 26 3 1 2 3 4 5 6 7 8 9 10 11 12 13 14 15 16 17 18 19 20 21 22 23 24 25 26 27 28 29 30 31 32 33 34 35 36 37 38 39 40 41 42 43 44 45 46 47 48 49 50 51 52 54 53 56 55 58 57 60 59 62 61 64 63 66 65 68 67 70 69 72 71 74 73 76 75 78 77 80 79 82 81 84 83 86 85 88 87 90 89 92 91 94 93 96 95 98 97 100 99 102 101 104 103 105 106 107 108 109 110 111 112 113 114 115 116 117 118 119 120 121 122 123 124 125 126 127 128 129 130 131 132 133 134 135 136 137 138 139 140 141 142 143 144 145 146 147 148 149 150 151 152 153 154 155 156 158 157 160 159 162 161 164 163 166 165 168 167 170 169 172 171 174 173 176 175 178 177 180 179 182 181 184 183 186 185 188 187 190 189 192 191 194 193 196 195 198 197 200 199 202 201 204 203 206 205 208 207 209 210 211 212 213 214 215 216 217 218 219 220 221 222 223 224 225 226 227 228 229 230 231 232 233 234 235 236 237 238 239 240 241 242 243 244 245 246 247 248 249 250 251 252 253 254 255 256 257 258 259 260 262 261 264 263 266 265 268 267 270 269 272 271 274 273 276 275 278 277 280 279 282 281 284 283 286 285 288 287 290 289 292 291 294 293 296 295 298 297 300 299 302 301 304 303 306 305 308 307 310 309 312 311 313 314 315 316 317 318 319 320 321 322 323 324 325 326 327 328 329 330 331 332 333 334 335 336 337 338 339 340 341 342 343 344 345 346 347 348 349 350 351 352 353 354 355 356 357 358 359 360 361 362 363 364 366 365 368 367 370 369 372 371 374 373 376 375 378 377 380 379 382 381 384 383 386 385 388 387 390 389 392 391 394 393 396 395 398 397 400 399 402 401 404 403 406 405 408 407 410 409 412 411 414 413 416 415 417 418 419 420 421 422 423 424 425 426 427 428 429 430 431 432 433 434 435 436 437 438 439 440 441 442 443 444 445 446 447 448 449 450 451 452 453 454 455 456 457 458 459 460 461 462 463 464 465 466 467 468 470 469 472 471 474 473 476 475 478 477 480 479 482 481 484 483 486 485 488 487 490 489 492 491 494 493 496 495 498 497 500 499 502 501 504 503 506 505 508 507 510 509 512 511 514 513 516 515 518 517 520 519 521 522 523 524 525 526 527 528 529 530 531 532 533 534 535 536 537 538 539 540 541 542 543 544 545 546 547 548 549 550 551 552 553 554 555 556 557 558 559 560 561 562 563 564 565 566 567 568 569 570 571 572 574 573 576 575 578 577 580 579 582 581 584 583 586 585 588 587 590 589 592 591 594 593 596 595 598 597 600 599 602 601 604 603 606 605 608 607 610 609 612 611 614 613 616 615 618 617 620 619 622 621 624 623 625 626 627 628 629 630 631 632 633 634 635 636 637 638 639 640 641 642 643 644 645 646 647 648 649 650 651 652 653 654 655 656 657 658 659 660 661 662 663 664 665 666 667 668 669 670 671 672 673 674 675 676
gracz1 x 1 gracz2 27 3 1 2 3 4 5 6 7 8 9 10 11 12 13 14 15 16 17 18 19 20 21 22 23 24 25 26 27 29 28 31 30 33 32 35 34 37 36 39 38 41 40 43 42 45 44 47 46 49 48 51 50 53 52 55 54 57 56 59 58 61 60 63 62 65 64 67 66 69 68 71 70 73 72 75 74 77 76 79 78 81 80 82 83 84 85 86 87 88 89 90 91 92 93 94 95 96 97 98 99 100 101 102 103 104 105 106 107 108 109 110 111 112 113 114 115 116 117 118 119 120 121 122 123 124 125 126 127 128 129 130 131 132 133 134 135 137 136 139 138 141 140 143 142 145 144 147 146 149 148 151 150 153 152 155 154 157 156 159 158 161 160 163 162 165 164 167 166 169 168 171 170 173 172 175 174 177 176 179 178 181 180 183 182 185 184 187 186 189 188 190 191 192 193 194 195 196 197 198 199 200 201 202 203 204 205 206 207 208 209 210 211 212 213 214 215 216 217 218 219 220 221 222 223 224 225 226 227 228 229 230 231 232 233 234 235 236 237 238 239 240 241 242 243 245 244 247 246 249 248 251 250 253 252 255 254 257 256 259 258 261 260 263 262 265 264 267 266 269 268 271 270 273 272 275 274 277 276 279 278 281 280 283 282 285 284 287 286 289 288 291 290 293 292 295 294 297 296 298 299 300 301 302 303 304 305 306 307 308 309 310 311 312 313 314 315 316 317 318 319 320 321 322 323 324 325 326 327 328 329 330 331 332 333 334 335 336 337 338 339 340 341 342 343 344 345 346 347 348 349 350 351 353 352 355 354 357 356 359 358 361 360 363 362 365 364 367 366 369 368 371 370 373 372 375 374 377 376 379 378 381 380 383 382 385 384 387 386 389 388 391 390 393 392 395 394 397 396 399 398 401 400 403 402 405 404 406 407 408 409 410 411 412 413 414 415 416 417 418 419 420 421 422 423 424 425 426 427 428 429 430 431 432 433 434 435 436 437 438 439 440 441 442 443 444 445 446 447 448 449 450 451 452 453 454 455 456 457 458 459 461 460 463 462 465 464 467 466 469 468 471 470 473 472 475 474 477 476 479 478 481 480 483 482 485 484 487 486 489 488 491 490 493 492 495 494 497 496 499 498 501 500 503 502 505 504 507 506 509 508 511 510 513 512 514 515 516 517 518 519 520 521 522 523 524 525 526 527 528 529 530 531 532 533 534 535 536 537 538 539 540 541 542 543 544 545 546 547 548 549 550 551 552 553 554 555 556 557 558 559 560 561 562 563 564 565 566 567 569 568 571 570 573 572 575 574 577 576 579 578 581 580 583 582 585 584 587 586 589 588 591 590 593 592 595 594 597 596 599 598 601 600 603 602 605 604 607 606 609 608 611 610 613 612 615 614 617 616 619 618 621 620 622 623 624 625 626 627 628 629 630 631 632 633 634 635 636 637 638 639 640 641 642 643 644 645 646 647 648 649 650 651 652 653 654 655 656 657 658 659 660 661 662 663 664 665 666 667 668 669 670 671 672 673 674 675 677 676 679 678 681 680 683 682 685 684 687 686 689 688 691 690 693 692 695 694 697 696 699 698 701 700 703 702 705 704 707 706 709 708 711 710 713 712 715 714 717 716 719 718 721 720 723 722 725 724 727 726 729 728
gracz1 x 1 gracz2 28 3 1 2 3 4 5 6 7 8 9 10 11 12 13 14 15 16 17 18 19 20 21 22 23 24 25 26 27 28 29 30 31 32 33 34 35 36 37 38 39 40 41 42 43 44 45 46 47 48 49 50 51 52 53 54 55 56 58 57 60 59 62 61 64 63 66 65 68 67 70 69 72 71 74 73 76 75 78 77 80 79 82 81 84 83 86 85 88 87 90 89 92 91 94 93 96 95 98 97 100 99 102 101 104 103 106 105 108 107 110 109 112 111 113 114 115 116 117 118 119 120 121 122 123 124 125 126 127 128 129 130 131 132 133 134 135 136 137 138 139 140 141 142 143 144 145 146 147 148 149 150 151 152 153 154 155 156 157 158 159 160 161 162 163 164 165 166 167 168 170 169 172 171 174 173 176 175 178 177 180 179 182 181 184 183 186 185 188 187 190 189 192 191 194 193 196 195 198 197 200 199 202 201 204 203 206 205 208 207 210 209 212 211 214 213 216 215 218 217 220 219 222 221 224 223 225 226 227 228 229 230 231 232 233 234 235 236 237 238 239 240 241 242 243 244 245 246 247 248 249 250 251 252 253 254 255 256 257 258 259 260 261 262 263 264 265 266 267 268 269 270 271 272 273 274 275 276 277 278 279 280 282 281 284 283 286 285 288 287 290 289 292 291 294 293 296 295 298 297 300 299 302 301 304 303 306 305 308 307 310 309 312 311 314 313 316 315 318 317 320 319 322 321 324 323 326 325 328 327 330 329 332 331 334 333 336 335 337 338 339 340 341 342 343 344 345 346 347 348 349 350 351 352 353 354 355 356 357 358 359 360 361 362 363 364 365 366 367 368 369 370 371 372 373 374 375 376 377 378 379 380 381 382 383 384 385 386 387 388 389 390 391 392 394 393 396 395 398 397 400 399 402 401 404 403 406 405 408 407 410 409 412 411 414 413 416 415 418 417 420 419 422 421 424 423 426 425 428 427 430 429 432 431 434 433 436 435 438 437 440 439 442 441 444 443 446 445 448 447 449 450 451 452 453 454 455 456 457 458 459 460 461 462 463 464 465 466 467 468 469 470 471 472 473 474 475 476 477 478 479 480 481 482 483 484 485 486 487 488 489 490 491 492 493 494 495 496 497 498 499 500 501 502 503 504 506 505 508 507 510 509 512 511 514 513 516 515 518 517 520 519 522 521 524 523 526 525 528 527 530 529 532 531 534 533 536 535 538 537 540 539 542 541 544 543 546 545 548 547 550 549 552 551 554 553 556 555 558 557 560 559 561 562 563 564 565 566 567 568 569 570 571 572 573 574 575 576 577 578 579 580 581 582 583 584 585 586 587 588 589 590 591 592 593 594 595 596 597 598 599 600 601 602 603 604 605 606 607 608 609 610 611 612 613 614 615 616 618 617 620 619 622 621 624 623 626 625 628 627 630 629 632 631 634 633 636 635 638 637 640 639 642 641 644 643 646 645 648 647 650 649 652 651 654 653 656 655 658 657 660 659 662 661 664 663 666 665 668 667 670 669 672 671 673 674 675 676 677 678 679 680 681 682 683 684 685 686 687 688 689 690 691 692 693 694 695 696 697 698 699 700 701 702 703 704 705 706 707 708 709 710 711 712 713 714 715 716 717 718 719 720 721 722 723 724 725 726 727 728 730 729 732 731 734 733 736 735 738 737 740 739 742 741 744 743 746 745 748 747 750 749 752 751 754 753 756 755 758 757 760 759 762 761 764 763 766 765 768 767 770 769 772 771 774 773 776 775 778 777 780 779 782 781 784 783
gracz1 x 1 gracz2 29 3 1 2 3 4 5 6 7 8 9 10 11 12 13 14 15 16 17 18 19 20 21 22 23 24 25 26 27 28 29 30 31 32 33 34 35 36 37 38 39 40 41 42 43 44 45 46 47 48 49 50 51 52 53 54 55 56 57 58 60 59 62 61 64 63 66 65 68 67 70 69 72 71 74 73 76 75 78 77 80 79 82 81 84 83 86 85 88 87 90 89 92 91 94 93 96 95 98 97 100 99 102 101 104 103 106 105 108 107 110 109 112 111 114 113 116 115 117 118 119 120 121 122 123 124 125 126 127 128 129 130 131 132 133 134 135 136 137 138 139 140 141 142 143 144 145 146 147 148 149 150 151 152 153 154 155 156 157 158 159 160 161 162 163 164 165 166 167 168 169 170 171 172 173 174 176 175 178 177 180 179 182 181 184 183 186 185 188 187 190 189 192 191 194 193 196 195 198 197 200 199 202 201 204 203 206 205 208 207 210 209 212 211 214 213 216 215 218 217 220 219 222 221 224 223 226 225 228 227 230 229 232 231 233 234 235 236 237 238 239 240 241 242 243 244 245 246 247 248 249 250 251 252 253 254 255 256 257 258 259 260 261 262 263 264 265 266 267 268 269 270 271 272 273 274 275 276 277 278 279 280 281 282 283 284 285 286 287 288 289 290 292 291 294 293 296 295 298 297 300 299 302 301 304 303 306 305 308 307 310 309 312 311 314 313 316 315 318 317 320 319 322 321 324 323 326 325 328 327 330 329 332 331 334 333 336 335 338 337 340 339 342 341 344 343 346 345 348 347 349 350 351 352 353 354 355 356 357 358 359 360 361 362 363 364 365 366 367 368 369 370 371 372 373 374 375 376 377 378 379 380 381 382 383 384 385 386 387 388 389 390 391 392 393 394 395 396 397 398 399 400 401 402 403 404 405 406 408 407 410 409 412 411 414 413 416 415 418 417 420 419 422 421 424 423 426 425 428 427 430 429 432 431 434 433 436 435 438 437 440 439 442 441 444 443 446 445 448 447 450 449 452 451 454 453 456 455 458 457 460 459 462 461 464 463 465 466 467 468 469 470 471 472 473 474 475 476 477 478 479 480 481 482 483 484 485 486 487 488 489 490 491 492 493 494 495 496 497 498 499 500 501 502 503 504 505 506 507 508 509 510 511 512 513 514 515 516 517 518 519 520 521 522 524 523 526 525 528 527 530 529 532 531 534 533 536 535 538 537 540 539 542 541 544 543 546 545 548 547 550 549 552 551 554 553 556 555 558 557 560 559 562 561 564 563 566 565 568 567 570 569 572 571 574 573 576 575 578 577 580 579 581 582 583 584 585 586 587 588 589 590 591 592 593 594 595 596 597 598 599 600 601 602 603 604 605 606 607 608 609 610 611 612 613 614 615 616 617 618 619 620 621 622 623 624 625 626 627 628 629 630 631 632 633 634 635 636 637 638 640 639 642 641 644 643 646 645 648 647 650 649 652 651 654 653 656 655 658 657 660 659 662 661 664 663 666 665 668 667 670 669 672 671 674 673 676 675 678 677 680 679 682 681 684 683 686 685 688 687 690 689 692 691 694 693 696 695 697 698 699 700 701 702 703 704 705 706 707 708 709 710 711 712 713 714 715 716 717 718 719 720 721 722 723 724 725 726 727 728 729 730 731 732 733 734 735 736 737 738 739 740 741 742 743 744 745 746 747 748 749 750 751 752 753 754 756 755 758 757 760 759 762 761 764 763 766 765 768 767 770 769 772 771 774 773 776 775 778 777 780 779 782 781 784 783 786 785 788 787 790 789 792 791 794 793 796 795 798 797 800 799 802 801 804 803 806 805 808 807 810 809 812 811 813 814 815 816 817 818 819 820 821 822 823 824 825 826 827 828 829 830 831 832 833 834 835 836 837 838 839 840 841
gracz1 x 1 gracz2 30 3 1 2 3 4 5 6 7 8 9 10 11 12 13 14 15 16 17 18 19 20 21 22 23 24 25 26 27 28 29 30 31 32 33 34 35 36 37 38 39 40 41 42 43 44 45 46 47 48 49 50 51 52 53 54 55 56 57 58 59 60 62 61 64 63 66 65 68 67 70 69 72 71 74 73 76 75 78 77 80 79 82 81 84 83 86 85 88 87 90 89 92 91 94 93 96 95 98 97 100 99 102 101 104 103 106 105 108 107 110 109 112 111 114 113 116 115 118 117 120 119 121 122 123 124 125 126 127 128 129 130 131 132 133 134 135 136 137 138 139 140 141 142 143 144 145 146 147 148 149 150 151 152 153 154 155 156 157 158 159 160 161 162 163 164 165 166 167 168 169 170 171 172 173 174 175 176 177 178 179 180 182 181 184 183 186 185 188 187 190 189 192 191 194 193 196 195 198 197 200 199 202 201 204 203 206 205 208 207 210 209 212 211 214 213 216 215 218 217 220 219 222 221 224 223 226 225 228 227 230 229 232 231 234 233 236 235 238 237 240 239 241 242 243 244 245 246 247 248 249 250 251 252 253 254 255 256 257 258 259 260 261 262 263 264 265 266 267 268 269 270 271 272 273 274 275 276 277 278 279 280 281 282 283 284 285 286 287 288 289 290 291 292 293 294 295 296 297 298 299 300 302 301 304 303 306 305 308 307 310 309 312 311 314 313 316 315 318 317 320 319 322 321 324 323 326 325 328 327 330 329 332 331 334 333 336 335 338 337 340 339 342 341 344 343 346 345 348 347 350 349 352 351 354 353 356 355 358 357 360 359 361 362 363 364 365 366 367 368 369 370 371 372 373 374 375 376 377 378 379 380 381 382 383 384 385 386 387 388 389 390 391 392 393 394 395 396 397 398 399 400 401 402 403 404 405 406 407 408 409 410 411 412 413 414 415 416 417 418 419 420 422 421 424 423 426 425 428 427 430 429 432 431 434 433 436 435 438 437 440 439 442 441 444 443 446 445 448 447 450 449 452 451 454 453 456 455 458 457 460 459 462 461 464 463 466 465 468 467 470 469 472 471 474 473 476 475 478 477 480 479 481 482 483 484 485 486 487 488 489 490 491 492 493 494 495 496 497 498 499 500 501 502 503 504 505 506 507 508 509 510 511 512 513 514 515 516 517 518 519 520 521 522 523 524 525 526 527 528 529 530 531 532 533 534 535 536 537 538 539 540 542 541 544 543 546 545 548 547 550 549 552 551 554 553 556 555 558 557 560 559 562 561 564 563 566 565 568 567 570 569 572 571 574 573 576 575 578 577 580 579 582 581 584 583 586 585 588 587 590 589 592 591 594 593 596 595 598 597 600 599 601 602 603 604 605 606 607 608 609 610 611 612 613 614 615 616 617 618 619 620 621 622 623 624 625 626 627 628 629 630 631 632 633 634 635 636 637 638 639 640 641 642 643 644 645 646 647 648 649 650 651 652 653 654 655 656 657 658 659 660 662 661 664 663 666 665 668 667 670 669 672 671 674 673 676 675 678 677 680 679 682 681 684 683 686 685 688 687 690 689 692 691 694 693 696 695 698 697 700 699 702 701 704 703 706 705 708 707 710 709 712 711 714 713 716 715 718 717 720 719 721 722 723 724 725 726 727 728 729 730 731 732 733 734 735 736 737 738 739 740 741 742 743 744 745 746 747 748 749 750 751 752 753 754 755 756 757 758 759 760 761 762 763 764 765 766 767 768 769 770 771 772 773 774 775 776 777 778 779 780 782 781 784 783 786 785 788 787 790 789 792 791 794 793 796 795 798 797 800 799 802 801 804 803 806 805 808 807 810 809 812 811 814 813 816 815 818 817 820 819 822 821 824 823 826 825 828 827 830 829 832 831 834 833 836 835 838 837 840 839 841 842 843 844 845 846 847 848 849 850 851 852 853 854 855 856 857 858 859 860 861 862 863 864 865 866 867 868 869 870 871 872 873 874 875 876 877 878 879 880 881 882 883 884 885 886 887 888 889 890 891 892 893 894 895 896 897 898 899 900
